Epoch	AverageEpRet	StdEpRet	MaxEpRet	MinEpRet	AverageTestEpRet	StdTestEpRet	MaxTestEpRet	MinTestEpRet	EpLen	TestEpLen	TotalEnvInteracts	AverageQVals	StdQVals	MaxQVals	MinQVals	LossPi	LossQ	Time
1	1.4437833	1.1479985	4.9352736	0.36062256	0.22737555	0.057451002	0.33410504	0.15560569	200.0	200.0	5000	3.4383347	1.9368327	8.572147	-0.57848483	-3.763225	0.006983985	34.68132996559143
2	1.2054644	0.9902943	3.4361832	0.30351365	1.1627452	0.17777663	1.4117959	0.8812806	200.0	200.0	10000	8.92623	1.2255136	12.482493	5.1454005	-9.155318	0.008948986	68.51521039009094
3	13.630641	20.405512	89.33313	0.28388876	90.30443	13.70515	109.900734	71.9729	200.0	200.0	15000	11.748992	1.8984619	18.877823	6.961332	-12.018995	0.018170722	108.30953097343445
4	89.93701	38.407837	199.17944	29.050316	110.68811	25.539072	176.46394	82.806404	200.0	200.0	20000	18.310608	3.6160877	27.873356	8.785226	-18.7107	0.03440226	151.92516446113586
5	97.37696	34.53624	142.9352	9.512206	129.72818	19.581858	169.88844	115.71357	200.0	200.0	25000	27.113632	5.1669993	38.60831	12.434581	-27.58845	0.05580055	195.73473477363586
6	85.33859	45.739105	199.98413	12.529947	97.01882	14.386411	114.537994	74.313896	200.0	200.0	30000	36.276745	5.296027	50.556423	18.787401	-36.756836	0.089487754	239.16711163520813
7	91.10061	54.060642	198.14044	0.19829036	0.2692144	0.09790891	0.43724054	0.15935758	200.0	200.0	35000	45.606445	5.6971364	70.34949	25.698486	-46.324757	0.1547237	282.220760345459
8	0.62448794	0.850573	3.4095304	0.12648837	0.40151006	0.074241266	0.5147251	0.2713355	200.0	200.0	40000	61.930107	7.279131	79.3753	22.380362	-62.93558	0.20869863	320.8671193122864
9	13.538098	25.015848	96.01273	0.24810465	51.02762	14.345022	74.32757	26.03591	200.0	200.0	45000	68.43667	6.8376193	83.53872	21.416147	-69.00587	0.18830521	359.38842487335205
10	51.73183	39.43882	146.50267	4.806609	78.29747	53.53284	193.02887	20.487259	200.0	200.0	50000	69.70011	6.6153946	87.326164	29.424963	-70.22959	0.21312822	400.20578932762146
11	88.06729	43.09488	144.63454	4.720565	124.26558	66.258224	200.31146	30.915306	200.0	200.0	55000	71.31974	7.5300484	89.38734	36.537003	-71.916115	0.23221853	442.0692689418793
12	71.68417	46.54646	198.46901	1.3855329	108.8844	6.9598265	122.79941	98.110916	200.0	200.0	60000	73.96824	7.5473347	90.42493	41.38254	-74.55992	0.2641494	483.28974509239197
13	75.60361	39.23443	153.25058	5.2570295	128.85385	57.67939	197.79625	58.461754	200.0	200.0	65000	75.86071	6.755221	91.76865	42.091022	-76.44678	0.25261444	525.3092889785767
14	130.17773	66.78276	201.53781	13.399406	97.23024	29.68172	120.751274	10.200064	200.0	200.0	70000	78.7396	6.5736694	98.24927	46.87949	-79.39951	0.2638156	570.6063365936279
15	76.364525	69.816765	200.0078	0.6899864	0.2938326	0.27205253	1.0749228	0.08870441	200.0	200.0	75000	84.281235	6.3959694	115.79308	54.003227	-85.25564	0.41078535	612.8703649044037
16	0.6410999	0.83411443	3.9735017	0.13714264	2.1164017	0.28753677	2.6134658	1.5837361	200.0	200.0	80000	105.47775	11.264959	135.23705	66.65307	-107.287	0.6663414	651.2037348747253
17	24.0412	30.637638	104.2589	0.65838414	12.80012	2.9575226	19.45482	8.738219	200.0	200.0	85000	115.584984	10.981557	133.89938	72.428925	-116.498924	0.58085436	689.9490869045258
18	47.534435	36.62919	117.83732	5.942268	53.189064	47.463486	123.119675	7.8678226	200.0	200.0	90000	111.87315	8.126341	129.2699	69.89346	-112.565414	0.4363376	730.1556994915009
19	31.249573	29.387907	112.93991	0.47316283	35.79804	3.1280322	40.463505	31.589533	200.0	200.0	95000	107.69393	7.9519362	128.81215	60.448967	-108.4255	0.4832402	769.6388731002808
20	13.11345	28.8999	120.84303	0.122252025	0.6274128	0.41856268	1.8236895	0.3727132	200.0	200.0	100000	106.22616	7.9460044	155.5675	61.221756	-107.074326	0.5542547	808.5626389980316
21	5.910838	17.022285	85.599625	0.09323224	0.1832864	0.05644859	0.29483405	0.09211731	200.0	200.0	105000	107.54637	7.746201	169.51152	67.70851	-108.615425	0.7572037	847.7818467617035
22	0.7142868	0.9578719	3.790987	0.07870154	2.1263676	0.90780514	3.8327124	1.1035578	200.0	200.0	110000	114.90533	9.484168	170.60701	69.316444	-116.036514	0.8871168	885.1726505756378
23	19.718939	26.931988	99.58187	0.26305854	31.802942	14.298985	62.903446	18.945118	200.0	200.0	115000	113.26984	8.215721	164.67548	70.41766	-113.99855	0.778519	924.0102026462555
24	12.84021	12.344989	48.852825	3.1953285	0.6933077	0.25367573	1.1537454	0.37682405	200.0	200.0	120000	107.53279	7.4874697	146.17252	67.298195	-108.24276	0.7467922	962.5006325244904
25	3.6871483	6.199942	20.458227	0.113531046	19.845638	8.004828	32.486885	6.376652	200.0	200.0	125000	106.343895	7.4264154	145.72258	67.90743	-107.22523	0.79839826	1000.9824903011322
26	6.7021527	5.669886	29.011953	1.5366063	11.085156	13.653945	50.848362	2.535068	200.0	200.0	130000	105.01945	7.3880606	147.90643	67.116714	-105.78413	0.7490386	1039.9095659255981
27	19.19505	24.322195	109.26863	0.6029187	41.581867	25.033669	100.05773	15.492037	200.0	200.0	135000	102.26923	7.3218412	139.67677	66.99285	-102.99555	0.71522653	1081.8144788742065
28	26.397964	31.881386	115.57236	0.18696637	0.53345144	0.1671103	0.9332415	0.35323966	200.0	200.0	140000	100.459465	7.10948	135.07837	66.24614	-101.30595	0.7488614	1122.7158393859863
29	19.841595	32.385567	103.169624	0.23463249	74.45559	62.50969	195.6297	3.1961625	200.0	200.0	145000	100.534966	8.686003	128.17357	66.39811	-101.33574	0.7173505	1163.4672448635101
30	53.150047	34.8835	103.91307	2.9415445	65.32102	23.41131	89.18781	9.752198	200.0	200.0	150000	98.96229	9.23702	123.3905	60.205997	-99.73205	0.77279836	1207.0405776500702
31	43.439037	29.90931	116.33485	10.152882	44.568104	29.8093	102.90072	7.163539	200.0	200.0	155000	98.31056	9.179676	120.441345	41.30971	-99.12721	0.76818985	1249.1236050128937
32	40.264126	26.857355	114.11691	4.1018043	53.183117	21.823711	94.92378	22.069342	200.0	200.0	160000	97.6848	8.538459	141.73622	32.80004	-98.44374	0.79559404	1291.365933418274
33	15.352143	31.134092	119.44441	0.13940856	1.272161	1.0866823	3.85474	0.26787883	200.0	200.0	165000	97.83756	8.47042	145.512	37.88594	-98.7719	0.98199874	1330.9444181919098
34	0.71658236	0.692311	3.9044073	0.1305884	0.7985917	0.09938466	1.0130941	0.6414997	200.0	200.0	170000	106.23741	11.79911	142.25282	47.698677	-107.679924	1.2664372	1369.7082030773163
35	0.70895284	0.44562608	1.6298965	0.13929068	0.2695138	0.076929964	0.43458962	0.1601682	200.0	200.0	175000	116.505615	13.317541	143.35017	64.5394	-117.67155	1.1982603	1407.1407606601715
36	5.360277	5.2858577	19.11738	0.2079637	8.473589	3.8059072	15.656721	3.1838858	200.0	200.0	180000	114.18097	11.089928	140.07455	66.08028	-114.91132	0.889011	1444.7204229831696
37	32.044758	47.597095	200.1304	2.73401	95.24955	34.093204	131.84995	4.3866286	200.0	200.0	185000	105.30409	9.48857	137.54303	63.69291	-105.874275	0.7629097	1485.9054446220398
38	54.81047	40.147118	122.96046	4.3327394	92.0621	79.01265	199.57996	8.279474	200.0	200.0	190000	98.228035	9.237939	133.58073	27.805637	-98.84422	0.72926867	1527.1178708076477
39	82.67462	49.8362	190.77737	7.184528	67.272415	63.51538	198.8817	4.5265126	200.0	200.0	195000	94.19198	9.79074	131.50858	29.320705	-94.87549	0.7577042	1569.4285912513733
40	36.6696	41.16749	117.83069	0.2162065	0.19659244	0.055208545	0.29580882	0.11392121	200.0	200.0	200000	93.485596	10.167415	134.81783	29.55194	-94.57229	0.92690974	1610.0142436027527
41	1.2862897	1.9194133	7.9849644	0.14975378	1.8674208	0.6842694	3.0883253	1.0066268	200.0	200.0	205000	107.553314	16.285982	136.71059	33.297737	-108.9394	1.3392326	1648.6603350639343
42	51.031883	32.262455	108.14949	0.5597258	42.587543	20.25545	80.14991	4.7640305	200.0	200.0	210000	109.48341	13.664303	130.71416	32.082596	-110.39178	0.94445276	1691.3141660690308
43	59.9047	32.71922	117.55167	6.5353146	53.339954	36.38387	101.06271	6.6750803	200.0	200.0	215000	106.30814	10.812903	137.78545	29.093832	-107.06971	0.76342005	1736.44983792305
44	64.18387	40.87587	138.78777	3.7069013	88.358154	48.817795	196.79634	11.796167	200.0	200.0	220000	101.92321	8.604673	137.20973	43.77621	-102.6039	0.6877736	1782.3496193885803
45	66.32939	36.403004	134.05864	0.36766535	27.850407	30.24489	78.38815	6.095673	200.0	200.0	225000	97.57041	7.51632	140.7863	40.26609	-98.23014	0.63076425	1825.5989699363708
46	37.745	46.205162	121.42717	0.27543214	0.46585402	0.155824	0.658639	0.23172882	200.0	200.0	230000	96.95903	8.542326	182.00746	40.84622	-98.03279	0.7670224	1868.6394276618958
47	1.0237333	0.8303386	3.9273458	0.3279632	0.5911807	0.07520121	0.7359615	0.4710017	200.0	200.0	235000	114.48856	15.30996	185.97127	40.66553	-116.73087	1.4959245	1909.7440214157104
48	1.3176531	1.0206074	3.6224844	0.25791836	3.3403542	1.6726233	8.185501	2.3606215	200.0	200.0	240000	141.6701	17.861137	179.5072	46.650883	-143.30267	2.09833	1950.5072631835938
49	10.648839	26.88399	104.66525	0.19980747	0.16288124	0.03870466	0.23944816	0.10754052	200.0	200.0	245000	139.70985	13.145746	230.86221	45.12651	-140.95998	1.9725344	1993.1192469596863
50	0.3513932	0.10971485	0.5557079	0.15598729	0.451681	0.07854875	0.59998906	0.32147956	200.0	200.0	250000	158.72194	25.020205	223.18405	41.33767	-161.43105	3.4566898	2032.0940029621124
51	0.42044708	0.24414735	1.3687074	0.110577084	0.18940046	0.082996264	0.40642068	0.13300565	200.0	200.0	255000	170.16174	24.076786	206.03543	55.225437	-171.72722	2.4931269	2069.856083393097
52	1.4241983	3.1768427	14.658821	0.083382554	24.57088	20.307022	61.696823	4.432573	200.0	200.0	260000	162.48965	17.824646	198.32687	65.914215	-163.48282	1.7043025	2109.110593318939
53	4.556487	8.431723	42.886074	0.34619576	4.307731	2.3748925	7.6457844	0.8049754	200.0	200.0	265000	148.2403	12.873206	194.81256	65.38371	-149.07625	1.3751838	2149.8416357040405
54	3.9563165	5.08226	19.26259	0.30862194	0.3592048	0.07648413	0.4449617	0.19726297	200.0	200.0	270000	138.31172	11.689197	196.32538	59.07778	-139.50902	1.7204874	2190.8770701885223
55	0.34269974	0.12664883	0.6773267	0.16213234	0.14814632	0.053127825	0.24345668	0.09194424	200.0	200.0	275000	146.48276	16.510344	195.87724	57.99434	-148.29857	2.2066622	2231.875188112259
56	0.20474638	0.08164693	0.47632846	0.10206984	0.22215435	0.06362521	0.38285705	0.13827068	200.0	200.0	280000	151.6492	16.519907	197.77866	60.148945	-153.00134	2.1301963	2270.1336238384247
57	1.7973752	1.8046452	6.0029116	0.2453768	1.42736	0.27883303	1.7919868	0.8755851	200.0	200.0	285000	144.41446	13.647119	194.24274	66.07074	-145.32915	1.5950971	2309.234872341156
58	6.851615	15.95438	76.04936	0.36442584	1.3536136	0.17728488	1.6392401	1.0630312	200.0	200.0	290000	138.54834	13.781291	193.80057	66.87557	-139.72356	1.6048928	2350.3617734909058
59	18.39242	17.500359	72.81205	0.30214608	33.696445	7.7124705	48.217907	20.813828	200.0	200.0	295000	131.66087	14.070259	185.14613	61.391838	-132.5263	1.4712834	2392.4336273670197
60	16.271795	21.857214	69.566154	0.38564518	0.47072998	0.11319405	0.7102732	0.34522942	200.0	200.0	300000	124.05496	12.789437	202.61674	42.063217	-125.18736	1.6030103	2432.577746629715
61	0.42745888	0.16358571	0.69563556	0.141906	0.33379358	0.083919354	0.48633498	0.22555257	200.0	200.0	305000	138.41194	19.754332	197.21695	45.70091	-140.34581	2.6447468	2473.8168308734894
62	0.28376985	0.10563683	0.5450044	0.12530763	0.17515504	0.035856165	0.25444525	0.13413744	200.0	200.0	310000	141.37833	14.876074	188.48607	46.074554	-142.65778	2.0718694	2515.064219713211
63	0.20515995	0.089325376	0.49983853	0.071402065	0.47071704	0.11480618	0.65239495	0.32458726	200.0	200.0	315000	140.15382	14.209697	171.09947	29.262459	-141.23605	1.6324244	2554.307516813278
64	0.45282212	0.18422346	1.0032846	0.13656363	0.43378943	0.07304809	0.554928	0.3236656	200.0	200.0	320000	129.96617	11.771369	167.8345	33.08382	-130.65839	1.1653588	2592.7976548671722
65	1.474746	1.5642904	6.1925178	0.18368427	0.52294034	0.056934826	0.57546806	0.40619656	200.0	200.0	325000	117.40131	8.979368	159.84921	24.346796	-118.0721	0.95530486	2632.262859106064
66	0.6061065	0.71314275	3.5142088	0.15235274	0.19525763	0.04754171	0.28694037	0.11918517	200.0	200.0	330000	111.73863	9.426524	150.86902	25.949854	-112.70445	1.1509373	2672.1491107940674
67	11.72991	21.505423	74.036285	0.124030046	38.33077	6.3426237	52.880535	31.063799	200.0	200.0	335000	111.54321	12.3026085	147.12088	29.082756	-112.50045	1.1468307	2711.70219874382
68	2.1448553	4.311688	20.906082	0.20707747	4.516616	0.8794949	6.102052	3.6310222	200.0	200.0	340000	107.76699	12.993692	135.79861	28.789425	-108.5778	0.9946176	2749.537754535675
69	6.070947	7.107709	29.797913	0.92777365	4.845229	2.4646144	10.783668	2.2845118	200.0	200.0	345000	102.02289	11.077369	131.13162	23.138632	-102.69488	0.8015047	2789.0655636787415
70	7.3845954	4.9041357	16.952612	0.19789776	58.385796	25.857752	119.89739	19.383486	200.0	200.0	350000	94.972	10.1640215	121.95938	10.168676	-95.58839	0.7457952	2830.974600315094
71	30.936949	27.482908	110.14661	2.678019	45.05831	8.644507	61.410915	33.562374	200.0	200.0	355000	89.78209	9.43101	121.14035	5.5298424	-90.43665	0.7320147	2874.3514320850372
72	59.149647	40.169937	199.84828	10.290236	124.98456	27.380266	202.36697	93.49492	200.0	200.0	360000	86.22573	8.9974785	126.38196	18.23926	-86.8801	0.73890984	2915.3228096961975
73	82.390656	45.06972	184.8562	7.535492	119.66079	56.798473	196.7699	25.648232	200.0	200.0	365000	84.07545	9.282874	121.40627	28.839197	-84.768654	0.7850405	2959.4093329906464
74	46.267105	40.55397	133.43805	3.826522	140.41519	32.459713	191.35088	100.09967	200.0	200.0	370000	83.94085	9.110282	125.415924	37.455204	-84.75041	0.9171127	2999.957846403122
75	72.02917	36.62855	186.55481	1.0371438	0.33211726	0.15568168	0.6007393	0.1625072	200.0	200.0	375000	88.023895	9.446316	140.6581	43.654266	-89.18623	1.2598689	3042.8031373023987
76	0.57924205	0.5791375	2.0134113	0.12673649	2.8157191	1.3286809	6.0363536	1.7033387	200.0	200.0	380000	111.02172	16.371536	165.10844	45.639076	-113.09575	2.179976	3083.375910758972
77	1.4752382	1.4037422	6.727899	0.1343335	0.18484478	0.059009373	0.28598747	0.11037833	200.0	200.0	385000	122.54546	14.595991	177.64262	53.8379	-124.27625	2.3340933	3124.2838985919952
78	2.80234	3.0213656	11.654727	0.11513065	1.292875	0.32824397	1.8780559	0.881014	200.0	200.0	390000	138.60178	20.61525	179.26392	48.04442	-140.07994	2.1928205	3163.6732008457184
79	1.3286635	1.3283204	4.908768	0.24053831	0.53813875	0.09739935	0.6867882	0.40516135	200.0	200.0	395000	133.53009	16.237696	169.85742	53.989517	-134.48523	1.5167922	3203.421544790268
80	1.8428481	1.3086184	5.3387456	0.36619613	1.4654338	0.5846495	2.7003758	0.86862314	200.0	200.0	400000	125.421715	12.919705	161.93066	55.398926	-126.2982	1.2810029	3243.9142713546753
81	6.6949334	7.8352537	40.818237	0.5305538	100.21486	6.7954125	110.80226	91.58131	200.0	200.0	405000	118.8205	12.88887	151.49257	54.641838	-119.66235	1.2337112	3286.456113576889
82	40.833805	40.376938	121.22253	0.19305241	3.7074993	0.5563547	4.75161	2.9087045	200.0	200.0	410000	111.43488	11.699295	148.1675	46.68639	-112.1558	1.0829362	3328.071893453598
83	3.1443336	4.5050445	16.034134	0.18435839	2.2227232	0.9661166	4.1895385	1.1151696	200.0	200.0	415000	104.75772	10.269612	147.48946	41.575813	-105.546165	1.1138746	3367.016523361206
84	0.633404	0.7271986	2.5864074	0.10493381	0.9232251	0.14636837	1.1776863	0.6074945	200.0	200.0	420000	105.64839	10.395817	146.45996	47.201336	-106.70015	1.2370312	3407.4160418510437
85	0.93447495	0.7621375	2.6583657	0.17651206	0.51666045	0.059011333	0.600496	0.391006	200.0	200.0	425000	107.891594	12.677004	145.70703	38.734943	-108.88886	1.3639276	3447.5499501228333
86	7.6193404	8.592756	30.325651	0.26933137	15.708548	6.4452515	25.842012	8.112828	200.0	200.0	430000	101.829735	11.056997	146.59268	34.55008	-102.47637	0.98343396	3487.536199569702
87	5.628782	15.372442	80.27249	0.37698922	50.58963	39.687984	102.37573	6.295775	200.0	200.0	435000	94.36604	10.410382	151.5106	42.49942	-94.951225	0.82478416	3528.672747373581
88	26.577665	29.842903	114.413315	0.69355094	19.005941	7.3261223	33.67344	8.68957	200.0	200.0	440000	88.19602	9.617007	152.28123	37.571148	-88.76653	0.7242536	3572.545785665512
89	36.003544	34.827538	125.63742	1.7181534	52.76522	44.321598	129.18929	5.998531	200.0	200.0	445000	82.57568	9.332804	136.91206	33.06805	-83.12426	0.6384014	3616.3753669261932
90	59.55788	37.052155	120.49295	3.572623	56.16796	42.96918	109.304924	6.656972	200.0	200.0	450000	78.56621	8.947063	158.75975	26.594086	-79.13595	0.60956043	3659.390105485916
91	55.57477	31.061907	98.77875	5.737614	78.591606	35.701275	117.617325	18.867138	200.0	200.0	455000	75.344345	8.583475	156.72281	26.149038	-75.88926	0.5946834	3704.006937980652
92	48.181446	39.696423	151.89026	0.23086013	37.76215	33.48116	116.95085	6.7972536	200.0	200.0	460000	73.196785	8.748611	147.32108	21.048058	-73.78679	0.64863485	3749.12908744812
93	54.04226	35.996635	127.61047	0.40340263	8.279827	4.750685	21.783415	4.4994245	200.0	200.0	465000	72.51874	9.423411	162.78621	23.559576	-73.17871	0.7830629	3794.2939665317535
94	2.7222562	3.4166837	15.242045	0.29162213	0.43970075	0.04294724	0.53241074	0.37818378	200.0	200.0	470000	90.320854	20.480553	174.7833	34.065517	-92.45691	1.7073531	3835.0705955028534
95	2.2672017	2.2393656	9.913947	0.23551548	2.5851083	0.516679	3.8670187	2.0973504	200.0	200.0	475000	111.845795	19.216412	178.47096	35.415855	-113.38085	1.6458457	3877.2750976085663
96	6.7966475	9.197931	39.161118	0.5700798	15.867964	10.977159	40.8229	3.76067	200.0	200.0	480000	116.49948	14.580608	172.4191	44.195168	-117.5636	1.2386826	3916.9419078826904
97	6.73611	9.121059	33.450882	0.4211859	3.9660244	1.8441466	7.7488203	1.9290807	200.0	200.0	485000	110.56035	10.372895	154.85394	40.292393	-111.21427	0.8465836	3955.944545507431
98	25.072264	24.462574	108.78929	1.2118332	19.369175	13.714661	41.31015	2.6569922	200.0	200.0	490000	101.30158	8.617045	155.5792	40.515827	-101.88379	0.7426379	3997.974906682968
99	55.46022	38.207897	130.442	0.3443268	105.074974	11.046861	121.001686	88.90858	200.0	200.0	495000	93.88325	8.713843	144.93823	36.942795	-94.507416	0.7985077	4038.1683695316315
100	44.03582	42.61509	146.8986	0.41791815	0.72653806	0.07865281	0.832369	0.5870372	200.0	200.0	500000	90.38569	8.393243	135.02505	34.453144	-91.10691	0.81500876	4078.0572476387024
101	4.3902245	12.805297	66.84069	0.18515734	62.102825	57.78802	196.354	5.254334	200.0	200.0	505000	87.99833	8.420507	142.5958	33.697994	-88.66245	0.7800059	4119.587594032288
102	56.229874	41.483727	130.3156	0.5704704	0.3996103	0.099558406	0.5625759	0.26646447	200.0	200.0	510000	84.271095	9.204248	162.7188	35.63441	-84.876884	0.7681703	4161.794256448746
103	0.3630759	0.20060186	0.88759077	0.15291366	0.18235914	0.05896641	0.30563512	0.10087933	200.0	200.0	515000	83.17852	10.268651	167.54088	36.07234	-84.02625	0.80766565	4201.414579629898
104	22.067778	28.33321	110.180176	0.12784298	6.7944536	0.96744245	8.528011	5.0340257	200.0	200.0	520000	84.59291	11.530143	162.97498	37.33062	-85.29997	0.8096948	4242.737920284271
105	12.387561	16.55926	80.72004	1.1636564	51.816322	35.133102	113.92856	18.09278	200.0	200.0	525000	81.42758	10.448697	151.91382	38.070435	-82.04195	0.70637286	4283.770822525024
106	50.257362	22.743383	91.40289	18.312088	66.32669	40.30675	108.67549	13.75123	200.0	200.0	530000	78.13083	9.887776	142.37482	32.043236	-78.71878	0.6848032	4327.291494607925
107	71.25444	31.948124	139.0161	0.44921103	112.18164	34.349678	187.35738	35.84435	200.0	200.0	535000	75.89144	9.620321	135.80421	31.602207	-76.53162	0.71879256	4370.117437362671
108	63.428364	39.694942	190.5149	5.5263085	71.89549	25.582848	107.72869	20.293795	200.0	200.0	540000	75.54222	9.51428	142.36674	30.231182	-76.215096	0.7578395	4411.814301490784
109	70.6983	27.32065	114.73315	17.121862	55.12087	7.5491447	64.22718	44.95603	200.0	200.0	545000	75.24665	8.824702	147.0144	38.50785	-75.8832	0.7391489	4454.435076475143
110	61.192245	37.171688	138.64449	7.5054626	106.79259	13.675861	137.94957	83.91963	200.0	200.0	550000	75.07959	8.110148	143.6898	41.075073	-75.78072	0.78568774	4495.260299921036
111	16.530289	33.381832	104.64835	0.055440657	1.1357654	0.20117538	1.5817411	0.8414876	200.0	200.0	555000	88.00625	16.370827	149.80568	39.76677	-89.88172	1.4668043	4536.3756313323975
112	0.74739194	0.66677123	2.7839804	0.18578358	1.9031293	0.33690816	2.5252998	1.4152752	200.0	200.0	560000	107.52245	17.8655	153.26244	39.071033	-108.776276	1.4676229	4574.83190202713
113	4.5387783	7.4766154	30.61813	0.41346648	0.92293674	0.3197801	1.457026	0.46650752	200.0	200.0	565000	106.083374	14.1257105	160.56255	35.21305	-106.828026	1.0214022	4614.540269613266
114	5.666713	7.0715036	30.00714	0.35509804	25.88441	17.220446	49.944885	2.275201	200.0	200.0	570000	100.21828	10.688436	159.09023	37.690407	-100.917	0.87732136	4655.951425075531
115	32.626553	27.96877	121.73596	3.5296404	29.470112	25.713604	81.568	7.6430564	200.0	200.0	575000	94.74821	9.027304	148.49132	42.02393	-95.39341	0.70953417	4701.281802415848
116	62.175194	51.49967	198.6464	2.6413379	0.49522573	0.09169377	0.623596	0.33657277	200.0	200.0	580000	90.71893	8.153125	149.39424	43.031	-91.46436	0.76306593	4747.284295082092
117	0.95298266	0.58979005	3.0004652	0.22329693	0.36971122	0.06918182	0.5227234	0.2799387	200.0	200.0	585000	95.54652	9.676803	157.70259	35.67402	-96.68231	0.8464421	4789.250275611877
118	2.138127	2.709904	13.537887	0.24133575	1.413513	0.23354478	1.7377973	1.0508033	200.0	200.0	590000	94.905525	8.307073	149.36472	35.780735	-95.52788	0.72183025	4832.653115987778
119	1.5551361	2.1448944	7.9636154	0.115342006	0.3655805	0.07851382	0.5177813	0.2749172	200.0	200.0	595000	91.490974	7.700099	142.98459	44.6193	-92.4061	0.78337455	4874.67015171051
120	12.345159	29.950089	130.23933	0.1887571	12.71729	2.5687912	16.576971	8.542529	200.0	200.0	600000	95.23029	12.031177	134.21902	42.33623	-96.10037	1.0106359	4916.1753170490265
121	17.393274	14.500171	51.730354	1.780668	4.336955	1.076923	6.2691464	2.8178923	200.0	200.0	605000	92.62204	12.944789	127.66004	47.15627	-93.38099	0.8536791	4955.651553630829
122	61.726772	37.464878	118.693115	2.4928465	38.445427	8.726866	54.777073	25.602703	200.0	200.0	610000	89.11249	11.996956	109.95361	43.765392	-89.7793	0.7431908	5000.33779668808
123	73.889626	40.6839	181.37871	7.8520074	160.54016	39.808544	203.79123	76.32529	200.0	200.0	615000	84.71844	11.239233	105.68587	40.982784	-85.31662	0.69307166	5048.874055862427
124	104.016846	34.872013	194.33131	17.931896	110.22652	4.878318	115.682236	101.065605	200.0	200.0	620000	81.01007	11.884034	101.95138	41.68887	-81.66139	0.69265556	5091.418009281158
125	61.21461	31.238092	111.080894	16.637413	57.860474	6.560791	67.22771	48.653255	200.0	200.0	625000	79.557014	12.389252	99.83332	38.273994	-80.24934	0.6582304	5130.808817386627
126	43.73015	36.777515	125.00806	5.1922913	51.86149	13.82716	70.73083	27.90524	200.0	200.0	630000	78.0853	11.625571	100.7343	26.919683	-78.69913	0.60198665	5172.90940117836
127	49.55273	37.01902	128.54765	1.0827914	35.036552	30.180136	93.70909	11.428601	200.0	200.0	635000	75.19359	10.394735	98.98275	27.17578	-75.72525	0.530438	5217.150215625763
128	66.40732	39.804092	146.75047	6.3756056	72.02214	24.543945	106.65904	39.67112	200.0	200.0	640000	72.204	9.6796255	92.70343	19.859848	-72.74234	0.45070225	5261.454547405243
129	93.47465	45.833126	197.43439	4.6327615	73.75689	11.264009	104.378914	60.746574	200.0	200.0	645000	71.0074	10.202908	94.21722	21.4537	-71.629684	0.4375403	5305.08021402359
130	99.016136	27.22226	186.38095	38.69737	171.06995	43.151306	204.37463	92.55689	200.0	200.0	650000	71.351685	10.79151	102.19786	21.750593	-71.99064	0.44485268	5348.974486589432
131	120.7614	33.95732	197.99326	51.31578	123.0943	26.252905	186.43063	93.18317	200.0	200.0	655000	71.80814	10.883295	111.702415	14.217173	-72.45915	0.42227882	5390.701189994812
132	127.92623	35.063293	199.39679	68.24245	164.43022	35.348587	200.95734	102.19753	200.0	200.0	660000	71.80411	10.743808	123.88989	13.713263	-72.4095	0.43844423	5434.303312301636
133	125.38526	42.204075	199.07712	26.07971	118.3196	22.325562	176.96284	92.41379	200.0	200.0	665000	71.278915	10.551384	128.82225	12.998437	-71.88109	0.45657977	5478.145501613617
134	122.00224	36.301544	199.40237	28.718409	178.48384	33.45744	206.89195	121.73606	200.0	200.0	670000	71.19682	10.45603	125.965096	20.688583	-71.80847	0.4268102	5523.111919403076
135	90.87064	44.419765	205.57002	16.88995	80.19106	16.43088	101.112915	58.35181	200.0	200.0	675000	71.36915	10.414049	123.55826	19.80221	-71.97469	0.42300317	5564.811682701111
136	88.68369	29.631727	142.01984	29.756683	75.7923	8.959392	95.99383	62.95102	200.0	200.0	680000	71.18871	10.068681	121.698456	20.821926	-71.77444	0.4114501	5608.7655239105225
137	117.865906	38.91222	198.82327	47.915882	138.13057	44.93926	196.31427	55.884583	200.0	200.0	685000	71.019585	9.772375	111.77203	22.15818	-71.60694	0.43233633	5654.771740436554
138	108.72581	28.916975	161.67787	48.945526	115.75344	13.963765	147.94548	98.24674	200.0	200.0	690000	70.99946	10.105984	105.28128	25.484941	-71.60583	0.42585644	5698.234106063843
139	118.19016	25.2419	190.87529	72.45167	113.973526	12.767514	133.36661	80.198044	200.0	200.0	695000	71.94325	10.991759	95.87265	16.795141	-72.59659	0.4712998	5743.5369300842285
140	106.72182	31.001183	187.48412	41.812008	130.58688	43.818195	201.3695	84.72184	200.0	200.0	700000	73.15331	11.240915	97.58403	10.49448	-73.81301	0.49576494	5788.433770895004
141	100.57073	29.241976	147.47083	27.60131	76.8687	6.5678043	85.347984	63.8893	200.0	200.0	705000	74.10059	11.094444	108.1365	9.243944	-74.74841	0.48899487	5832.821960449219
142	90.96609	22.168425	143.88213	35.063286	122.3848	23.738056	151.68452	83.087524	200.0	200.0	710000	74.590515	10.855037	106.78844	16.613218	-75.21424	0.4739686	5878.701659679413
143	100.389854	32.48484	149.67198	32.71759	120.13391	7.2027636	129.25061	110.27416	200.0	200.0	715000	75.05877	10.721964	102.12277	32.618584	-75.71621	0.45471084	5922.9520580768585
144	109.549355	46.043636	196.16002	9.861334	88.08426	43.367283	165.48448	26.898144	200.0	200.0	720000	75.85337	10.89931	104.48551	35.489075	-76.5013	0.4651461	5967.42923784256
